0.07426972662622822 0.5007749531966819
17.89827185114465 0.42309471631043016
3.3720593276197874 0.1186652801152096
4.066539773032487 0.3838121424830935
18.395815745033122 0.536565284020303
13.874360675470305 0.977981110130669
6.329077195925754 0.01847535466584105
6.824806148395679 0.3029692882619657
4.063947125733489 0.8774328179459666
17.211342265245673 0.7516977227235268
8.382821248361221 0.43057243139879553
5.743189350124595 0.8587924891559154
1.3569562728974094 0.3994514702079214
15.47184775134742 0.1473650821438679
9.360634628932852 0.11229581086281326
16.473906906660623 0.8413302582420227
18.079241587143365 0.12413796663613219
12.407898091261869 0.9311986104492248
3.9714114510341503 0.6230969792691243
15.228121901714108 0.5744531501121287
