0.07426972662622822 0.5007749531966819
6.329077195925754 0.01847535466584105
11.254205604697257 0.022587108495982
10.864172273684394 0.03357964201525909
3.3720593276197874 0.1186652801152096
1.3569562728974094 0.3994514702079214
2.3657427804989095 0.265224223116161
3.1262181618148843 0.2617498910157293
18.588246509437127 0.05352607936591425
9.360634628932852 0.11229581086281326
11.184566624750993 0.10872223580094142
4.066539773032487 0.3838121424830935
6.824806148395679 0.3029692882619657
18.079241587143365 0.12413796663613219
15.47184775134742 0.1473650821438679
3.9714114510341503 0.6230969792691243
4.063947125733489 0.8774328179459666
8.382821248361221 0.43057243139879553
5.743189350124595 0.8587924891559154
9.699222382440286 0.5931006060912074
17.89827185114465 0.42309471631043016
15.228121901714108 0.5744531501121287
15.228121901714108 0.5744531501121287
18.395815745033122 0.536565284020303
16.919659974481085 0.6469001484931425
15.356416487790863 0.7332476466428024
12.407898091261869 0.9311986104492248
17.211342265245673 0.7516977227235268
13.874360675470305 0.977981110130669
16.473906906660623 0.8413302582420227
