0.696041351923129 0.036687864492110256
17.80615571913698 0.06151555773471096
3.5283599433694435 0.410239613557716
4.259903119310183 0.6698819065185879
3.612326235964982 0.97088785662258
11.559245291883919 0.315479987604973
8.427997835998838 0.48212246727507546
4.091171605923423 0.9967549438931322
8.438605298672519 0.7763449243130509
18.261553357154025 0.3681740021147223
15.198071226668809 0.4704053192398422
11.26817821335078 0.8428508514412367
12.15019639209347 0.9269155248745491
17.563344698579545 0.9226192676644175
17.9173122223758 0.920704921731227
